13.84107554,1.82468345,0
14.24107416,1.82573556,0
14.64106171,1.82889184,0
15.04102711,1.83415222,0
15.44095932,1.84151655,0
15.84084725,1.85098462,0
16.24067984,1.86255618,0
16.64044602,1.87623089,0
17.04013474,1.89200839,0
17.43973493,1.90988824,0
17.83923553,1.92986994,0
18.23862549,1.95195294,0
18.63789376,1.97613663,0
19.03702928,2.00242033,0
19.43602102,2.03080333,0
19.83485792,2.06128483,0
20.23352896,2.093864,0
20.6320231,2.12853993,0
21.03032932,2.16531165,0
21.42843658,2.20417817,0
21.82633388,2.24513839,0
22.2240102,2.28819118,0
22.62145454,2.33333536,0
23.0186559,2.38056968,0
23.41560329,2.42989282,0
23.81228572,2.48130342,0
24.20869221,2.53480006,0
24.6048118,2.59038126,0
25.00063353,2.64804548,0
25.39614643,2.70779113,0
25.79133957,2.76961655,0
26.18620201,2.83352003,0
26.58072282,2.8994998,0
26.97489109,2.96755404,0
27.3686959,3.03768086,0
27.76212636,3.10987832,0
28.15517158,3.18414443,0
28.54782068,3.26047713,0
28.9400628,3.33887431,0
29.33188709,3.41933379,0
29.7232827,3.50185336,0
30.11423879,3.58643072,0
30.50474456,3.67306354,0
30.89478919,3.76174942,0
31.28436189,3.8524859,0
31.67345189,3.94527048,0
32.0620484,4.04010059,0
32.45014068,4.13697359,0
32.837718,4.23588683,0
33.22476961,4.33683754,0
33.61128482,4.43982295,0
33.99725293,4.54484019,0
34.38266325,4.65188637,0
34.76750512,4.76095853,0
35.15176789,4.87205364,0
35.53544092,4.98516863,0
35.91851361,5.10030036,0
36.30097534,5.21744567,0
36.68281554,5.33660129,0
37.06402364,5.45776394,0
37.44458908,5.58093026,0
37.82450135,5.70609684,0
38.20374991,5.83326022,0
38.58232428,5.96241688,0
38.96021399,6.09356325,0
39.33740857,6.2266957,0
39.71389759,6.36181053,0
40.08967063,6.49890402,0
40.46471728,6.63797238,0
40.83902718,6.77901174,0
41.21258996,6.92201821,0
41.58539528,7.06698783,0
41.95743283,7.21391659,0
42.32869231,7.36280043,0
42.69916346,7.51363521,0
43.068836,7.66641678,0
43.43769973,7.8211409,0
43.80574442,7.97780328,0
44.1729599,8.1363996,0
44.539336,8.29692547,0
44.90486258,8.45937644,0
45.26952953,8.62374801,0
45.63332676,8.79003565,0
45.9962442,8.95823474,0
46.3582718,9.12834064,0
46.71939955,9.30034863,0
47.07961745,9.47425395,0
47.43891554,9.6500518,0
47.79728387,9.8277373,0
48.15471253,10.00730555,0
48.51119162,10.18875157,0
48.86671128,10.37207033,0
49.22126168,10.55725678,0
49.57483299,10.74430577,0
49.92741543,10.93321215,0
50.27899926,11.12397067,0
50.62957473,11.31657606,0
50.97913216,11.51102299,0
51.32766185,11.70730608,0
51.67515418,11.9054199,0
52.02159951,12.10535896,0
52.36698827,12.30711774,0
52.7113109,12.51069064,0
53.05455787,12.71607204,0
53.39671968,12.92325624,0
53.73778686,13.13223753,0
54.07774998,13.34301011,0
54.41659962,13.55556815,0
54.75432641,13.76990578,0
55.090921,13.98601705,0
55.42637408,14.20389599,0
55.76067636,14.42353657,0
56.0938186,14.6449327,0
56.42579157,14.86807828,0
56.75658609,15.09296711,0
57.086193,15.31959297,0
57.41460318,15.5479496,0
57.74180755,15.77803068,0
58.06779705,16.00982983,0
58.39256266,16.24334064,0
58.71609539,16.47855666,0
59.03838628,16.71547136,0
59.35942643,16.95407821,0
59.67920694,17.19437058,0
59.99771896,17.43634184,0
60.31495369,17.67998528,0
60.63090234,17.92529417,0
60.94555617,18.17226172,0
61.25890647,18.42088108,0
61.57094457,18.67114539,0
61.88166184,18.92304771,0
62.19104967,19.17658108,0
62.49909951,19.43173848,0
62.80580283,19.68851284,0
63.11115114,19.94689707,0
63.41513599,20.20688401,0
63.71774898,20.46846647,0
64.01898172,20.7316372,0
64.31882588,20.99638893,0
64.61727316,21.26271433,0
64.91431531,21.53060603,0
65.20994411,21.80005661,0
65.50415136,22.07105862,0
65.79692894,22.34360457,0
66.08826873,22.6176869,0
66.37816268,22.89329803,0
66.66660277,23.17043034,0
66.95358101,23.44907615,0
67.23908946,23.72922776,0
67.52312022,24.01087742,0
67.80566543,24.29401732,0
68.08671727,24.57863963,0
68.36626797,24.86473649,0
68.64430978,25.15229996,0
68.92083502,25.44132209,0
69.19583602,25.73179489,0
69.46930519,26.02371032,0
69.74123495,26.31706029,0
70.01161778,26.61183669,0
70.28044619,26.90803136,0
69.83509508,27.31010398,6
70.10350006,27.60668241,6
70.37362658,27.90169371,6
70.64551562,28.19508142,6
70.91915744,28.48683501,6
71.1945422,28.77694401,6
71.47166004,29.065398,6
71.75050099,29.35218664,6
72.03105506,29.63729963,6
72.31331217,29.92072673,6
72.59726219,30.20245778,6
72.88289493,30.48248266,6
73.17020015,30.76079133,6
73.45916752,31.03737379,6
73.74978668,31.31222012,6
74.0420472,31.58532045,6
74.33593859,31.85666498,6
74.63145029,32.12624397,6
74.92857171,32.39404775,6
75.22729217,32.6600667,6
75.52760096,32.92429128,6
75.8294873,33.18671201,6
76.13294036,33.44731946,6
76.43794924,33.70610428,6
76.74450299,33.96305718,6
77.05259062,34.21816895,6
77.36220106,34.47143042,6
77.67332321,34.72283251,6
77.98594589,34.97236619,6
78.30005789,35.22002251,6
78.61564794,35.46579258,6
78.93270469,35.70966757,6
79.25121679,35.95163873,6
79.57117279,36.19169739,6
79.89256121,36.42983492,6
80.21537052,36.66604277,6
80.53958913,36.90031248,6
80.8652054,37.13263562,6
81.19220765,37.36300387,6
81.52058414,37.59140895,6
81.85032308,37.81784267,6
82.18141265,38.04229689,6
82.51384095,38.26476357,6
82.84759606,38.48523472,6
83.18266599,38.70370243,6
83.51903873,38.92015885,6
83.8567022,39.13459621,6
84.19564427,39.34700683,6
84.53585279,39.55738307,6
84.87731554,39.76571739,6
85.22002027,39.97200231,6
85.56395468,40.17623042,6
85.90910643,40.3783944,6
86.25546312,40.57848698,6
86.60301233,40.776501,6
86.95174157,40.97242933,6
87.30163835,41.16626495,6
87.65269009,41.3580009,6
88.0048842,41.5476303,6
88.35820803,41.73514635,6
88.71264891,41.92054231,6
89.06819412,42.10381153,6
89.42483089,42.28494743,6
89.78254642,42.46394351,6
90.14132788,42.64079335,6
90.50116239,42.81549059,6
90.86203703,42.98802898,6
91.22393885,43.15840231,6
91.58685486,43.32660447,6
91.95077204,43.49262943,6
92.31567732,43.65647123,6
92.68155762,43.81812397,6
93.04839979,43.97758188,6
93.41619067,44.13483921,6
93.78491706,44.28989033,6
94.15456572,44.44272967,6
94.5251234,44.59335175,6
94.89657678,44.74175115,6
95.26891254,44.88792256,6
95.64211732,45.03186073,6
96.01617771,45.17356049,6
96.3910803,45.31301675,6
96.76681162,45.45022452,6
97.1433582,45.58517886,6
97.52070652,45.71787493,6
97.89884303,45.84830797,6
98.27775417,45.9764733,6
98.65742633,46.10236632,6
99.03784588,46.2259825,6
99.41899918,46.34731743,6
99.80087254,46.46636672,6
100.18345226,46.58312613,6
100.56672461,46.69759145,6
100.95067582,46.80975857,6
101.33529213,46.91962348,6
101.72055972,47.02718222,6
102.10646477,47.13243095,6
102.49299342,47.23536587,6
102.88013181,47.33598329,6
103.26786604,47.43427961,6
103.6561822,47.5302513,6
104.04506634,47.62389491,6
104.43450451,47.71520708,6
104.82448273,47.80418453,6
105.21498701,47.89082407,6
105.60600332,47.97512259,6
105.99751764,48.05707707,6
106.38951592,48.13668456,6
106.78198408,48.2139422,6
107.17490803,48.28884723,6
107.56827369,48.36139696,6
107.96206692,48.43158877,6
108.35627359,48.49942016,6
108.75087957,48.56488868,6
109.14587067,48.62799199,6
109.54123273,48.68872783,6
109.93695156,48.747094,6
110.33301295,48.80308843,6
110.72940268,48.85670909,6
111.12610654,48.90795407,6
111.52311029,48.95682152,6
111.92039967,49.00330969,6
112.31796042,49.04741691,6
112.71577828,49.0891416,6
113.11383897,49.12848227,6
113.5121282,49.16543749,6
113.91063168,49.20000595,6
114.3093351,49.23218639,6
114.70822416,49.26197768,6
115.10728453,49.28937873,6
115.5065019,49.31438857,6
115.90586194,49.3370063,6
116.3053503,49.3572311,6
116.70495267,49.37506225,6
117.10465469,49.39049911,6
117.50444201,49.40354113,6
117.9043003,49.41418783,6
118.30421519,49.42243884,6
118.70417234,49.42829386,6
119.10415738,49.43175267,6
119.50415597,49.43281516,6
119.90415375,49.43148129,6
120.30413635,49.4277511,6
120.70408944,49.42162473,6
121.10399864,49.4131024,6
121.50384961,49.40218442,6
121.90362799,49.38887117,6
122.30331944,49.37316313,6
122.70290962,49.35506087,6
123.10238418,49.33456504,6
123.50172878,49.31167637,6
123.90092908,49.28639568,6
124.29997078,49.25872389,6
124.69883953,49.22866198,6
125.09752103,49.19621104,6
125.49600096,49.16137222,6
125.89426503,49.12414679,6
126.29229893,49.08453607,6
126.69008839,49.04254148,6
127.08761913,48.99816454,6
127.48487688,48.95140684,6
127.88184737,48.90227005,6
128.27851638,48.85075594,6
128.67486964,48.79686635,6
129.07089295,48.74060323,6
129.46657209,48.68196859,6
129.86189285,48.62096454,6
130.25684105,48.55759326,6
130.65140251,48.49185702,6
131.04556308,48.4237582,6
