29.25540975,5.33809621,0
30.25540209,5.34200958,0
31.25533318,5.35374944,0
32.25514175,5.37331508,0
33.25476657,5.4007053,0
34.25414639,5.43591842,0
35.25322001,5.47895229,0
36.25192621,5.52980426,0
37.25020382,5.58847122,0
38.24799169,5.65494958,0
39.24522869,5.72923527,0
40.24185374,5.81132374,0
41.23780578,5.90120995,0
42.2330238,5.9988884,0
43.22744685,6.10435311,0
44.221014,6.21759761,0
45.21366439,6.33861498,0
46.20533721,6.46739779,0
47.19597172,6.60393816,0
48.18550723,6.74822772,0
49.17388312,6.90025763,0
50.16103885,7.06001859,0
51.14691395,7.2275008,0
52.13144802,7.40269401,0
53.11458076,7.58558748,0
54.09625194,7.77617001,0
55.07640142,7.97442993,0
56.05496916,8.18035508,0
57.03189523,8.39393286,0
58.00711976,8.61515018,0
58.98058303,8.8439935,0
59.9522254,9.08044878,0
60.92198736,9.32450156,0
61.88980948,9.57613687,0
62.8556325,9.8353393,0
63.81939724,10.10209298,0
64.78104467,10.37638156,0
65.74051587,10.65818824,0
66.69775208,10.94749577,0
67.65269465,11.2442864,0
68.60528509,11.54854198,0
69.55546504,11.86024385,0
70.5031763,12.17937293,0
71.44836082,12.50590966,0
72.39096068,12.83983404,0
73.33091816,13.18112562,0
74.26817567,13.52976348,0
75.2026758,13.88572628,0
76.13436129,14.24899221,0
77.06317509,14.61953901,0
77.98906029,14.99734399,0
78.91196017,15.38238399,0
79.8318182,15.77463544,0
80.74857803,16.17407431,0
81.66218351,16.58067613,0
82.57257866,16.99441599,0
83.47970772,17.41526854,0
84.38351512,17.84320801,0
85.28394549,18.27820817,0
86.18094368,18.72024239,0
87.07445473,19.16928359,0
87.96442392,19.62530425,0
88.85079672,20.08827645,0
89.73351884,20.55817182,0
90.61253621,21.03496157,0
91.48779497,21.51861651,0
92.35924151,22.009107,0
93.22682246,22.506403,0
94.09048465,23.01047404,0
94.95017519,23.52128924,0
95.80584142,24.03881732,0
96.65743091,24.56302657,0
97.5048915,25.09388488,0
98.34817128,25.63135973,0
99.18721859,26.17541819,0
100.02198203,26.72602694,0
100.85241047,27.28315225,0
101.67845303,27.84675999,0
102.50005912,28.41681564,0
103.3171784,28.99328426,0
104.12976082,29.57613056,0
104.9377566,30.16531883,0
105.74111625,30.76081297,0
106.53979056,31.36257651,0
107.33373059,31.97057259,0
108.12288772,32.58476395,0
108.9072136,33.20511297,0
109.68666018,33.83158166,0
110.46117973,34.46413164,0
111.23072479,35.10272416,0
111.99524822,35.7473201,0
112.75470319,36.39787997,0
113.50904318,37.05436392,0
114.25822197,37.71673175,0
115.00219368,38.38494286,0
115.74091274,39.05895633,0
116.47433388,39.73873087,0
117.20241218,40.42422485,0
117.92510305,41.11539625,0
118.6423622,41.81220276,0
119.3541457,42.51460168,0
120.06040996,43.22254998,0
120.7611117,43.9360043,0
121.45620801,44.65492094,0
122.14565629,45.37925585,0
122.82941433,46.10896466,0
123.50744023,46.84400267,0
124.17969245,47.58432486,0
124.84612983,48.32988588,0
125.50671153,49.08064004,0
126.16139708,49.83654138,0
126.81014639,50.59754357,0
127.45291971,51.3636,0
128.08967767,52.13466375,0
128.72038125,52.91068758,0
129.34499184,53.69162395,0
129.96347115,54.47742503,0
130.57578131,55.26804268,0
131.18188481,56.06342846,0
131.78174452,56.86353366,0
132.37532369,57.66830926,0
132.96258597,58.47770597,0
133.54349537,59.29167419,0
134.11801631,60.11016407,0
134.6861136,60.93312548,0
135.24775244,61.76050799,0
135.80289842,62.59226092,0
136.35151753,63.42833332,0
136.89357618,64.26867398,0
137.42904114,65.11323142,0
137.95787963,65.9619539,0
138.48005925,66.81478944,0
138.995548,67.67168578,0
139.50431432,68.53259044,0
139.07286979,68.78528713,4.5
139.57877111,69.64787849,4.5
140.0905342,70.50700511,4.5
140.6084616,71.36242969,4.5
141.13252654,72.21410799,4.5
141.66270192,73.06199599,4.5
142.19896033,73.90604985,4.5
142.74127405,74.74622593,4.5
143.28961502,75.58248078,4.5
143.84395491,76.41477116,4.5
144.40426505,77.24305405,4.5
144.97051647,78.06728663,4.5
145.54267989,78.88742626,4.5
146.12072573,79.70343055,4.5
146.7046241,80.51525732,4.5
147.29434482,81.32286457,4.5
147.88985738,82.12621056,4.5
148.49113101,82.92525376,4.5
149.09813461,83.71995284,4.5
149.7108368,84.51026672,4.5
150.3292059,85.29615453,4.5
150.95320993,86.07757565,4.5
151.58281664,86.85448967,4.5
152.21799347,87.62685642,4.5
152.85870758,88.39463596,4.5
153.50492584,89.15778861,4.5
154.15661484,89.91627489,4.5
154.81374089,90.6700556,4.5
155.47627001,91.41909176,4.5
156.14416794,92.16334465,4.5
156.81740015,92.90277577,4.5
157.49593183,93.63734691,4.5
158.1797279,94.36702008,4.5
158.86875301,95.09175755,4.5
159.56297153,95.81152185,4.5
160.26234756,96.52627577,4.5
160.96684495,97.23598235,4.5
161.67642726,97.9406049,4.5
162.39105782,98.64010698,4.5
163.11069967,99.33445243,4.5
163.83531561,100.02360535,4.5
164.56486816,100.70753011,4.5
165.29931962,101.38619134,4.5
166.03863199,102.05955395,4.5
166.78276707,102.72758314,4.5
167.53168637,103.39024435,4.5
168.28535117,104.04750333,4.5
169.0437225,104.6993261,4.5
169.80676116,105.34567895,4.5
170.57442769,105.98652846,4.5
171.3466824,106.6218415,4.5
172.12348536,107.25158522,4.5
172.90479641,107.87572707,4.5
173.69057515,108.49423477,4.5
174.48078096,109.10707633,4.5
175.27537297,109.71422008,4.5
176.07431011,110.31563463,4.5
176.87755105,110.91128887,4.5
177.68505429,111.50115202,4.5
178.49677805,112.08519356,4.5
179.31268038,112.66338331,4.5
180.13271909,113.23569137,4.5
180.95685178,113.80208815,4.5
181.78503584,114.36254437,4.5
182.61722844,114.91703104,4.5
183.45338657,115.4655195,4.5
184.29346698,116.00798139,4.5
185.13742625,116.54438866,4.5
185.98522073,117.07471357,4.5
186.83680659,117.59892872,4.5
187.69213981,118.11700698,4.5
188.55117615,118.62892158,4.5
189.41387121,119.13464606,4.5
190.28018037,119.63415425,4.5
191.15005885,120.12742033,4.5
192.02346167,120.61441881,4.5
192.90034367,121.0951245,4.5
193.78065951,121.56951254,4.5
194.66436368,122.03755841,4.5
195.55141049,122.49923791,4.5
196.44175407,122.95452717,4.5
197.33534839,123.40340265,4.5
198.23214725,123.84584113,4.5
199.13210427,124.28181975,4.5
200.03517293,124.71131596,4.5
200.94130653,125.13430755,4.5
201.85045823,125.55077266,4.5
202.76258102,125.96068976,4.5
203.67762773,126.36403763,4.5
204.59555106,126.76079545,4.5
205.51630355,127.15094268,4.5
206.43983758,127.53445915,4.5
207.36610541,127.91132505,4.5
208.29505915,128.28152088,4.5
209.22665077,128.64502749,4.5
210.1608321,129.00182611,4.5
211.09755483,129.35189827,4.5
212.03677054,129.69522589,4.5
212.97843066,130.0317912,4.5
213.92248652,130.3615768,4.5
214.86888929,130.68456565,4.5
215.81759004,131.00074105,4.5
216.76853973,131.31008664,4.5
217.72168918,131.61258643,4.5
218.67698911,131.90822479,4.5
219.63439013,132.19698642,4.5
220.59384275,132.4788564,4.5
221.55529734,132.75382016,4.5
222.5187042,133.02186346,4.5
223.48401352,133.28297247,4.5
224.45117539,133.53713367,4.5
225.42013981,133.78433393,4.5
226.39085666,134.02456047,4.5
227.36327577,134.25780085,4.5
228.33734685,134.48404304,4.5
229.31301955,134.70327531,4.5
230.29024341,134.91548635,4.5
231.26896791,135.12066518,4.5
232.24914245,135.31880119,4.5
233.23071634,135.50988414,4.5
234.21363884,135.69390415,4.5
235.19785912,135.87085169,4.5
236.1833263,136.04071763,4.5
237.16998942,136.20349318,4.5
238.15779748,136.35916993,4.5
239.14669939,136.50773982,4.5
240.13664402,136.64919517,4.5
241.1275802,136.78352868,4.5
242.11945669,136.91073338,4.5
243.1122222,137.03080272,4.5
244.1058254,137.14373048,4.5
245.10021492,137.24951081,4.5
246.09533935,137.34813826,4.5
247.09114723,137.43960772,4.5
248.08758708,137.52391446,4.5
249.08460737,137.60105413,4.5
250.08215657,137.67102273,4.5
251.08018308,137.73381665,4.5
252.07863532,137.78943264,4.5
253.07746164,137.83786782,4.5
254.07661042,137.8791197,4.5
255.07602999,137.91318613,4.5
256.07566868,137.94006536,4.5
257.0754748,137.959756,4.5
258.07539666,137.97225702,4.5
259.07538256,137.97756779,4.5
260.07538079,137.97568803,4.5
261.07533966,137.96661783,4.5
